3 0.515 0.37785714285714284 0.39285714285714285 0.22142857142857142
3 0.8407142857142857 0.4257142857142857 0.3271428571428571 0.26857142857142857
3 0.7228571428571429 0.7192857142857143 0.34 0.30142857142857143
3 0.455 0.6071428571428571 0.42428571428571427 0.21714285714285714
3 0.15142857142857144 0.4521428571428571 0.29714285714285715 0.19285714285714287
3 0.32071428571428573 0.9057142857142857 0.2042857142857143 0.13142857142857142
3 0.21285714285714286 0.8235714285714286 0.1457142857142857 0.10428571428571429
3 0.09857142857142857 0.8871428571428571 0.19142857142857142 0.10857142857142857
3 0.08428571428571428 0.8007142857142857 0.15428571428571428 0.09
3 0.5021428571428571 0.8278571428571428 0.21857142857142858 0.1442857142857143
3 0.2742857142857143 0.76 0.21428571428571427 0.13142857142857142
