3 0.36857142857142855 0.6992857142857143 0.08 0.041428571428571426
3 0.37785714285714284 0.6764285714285714 0.07285714285714286 0.03571428571428571
3 0.4157142857142857 0.7335714285714285 0.08857142857142856 0.05285714285714286
3 0.47 0.7207142857142858 0.09714285714285714 0.05
3 0.44642857142857145 0.6585714285714286 0.07857142857142857 0.05142857142857143
3 0.49214285714285716 0.6607142857142857 0.09 0.05857142857142857
3 0.3314285714285714 0.49357142857142855 0.07428571428571429 0.03857142857142857
3 0.4057142857142857 0.5107142857142857 0.08 0.05
3 0.4928571428571429 0.5128571428571429 0.08857142857142856 0.05142857142857143
3 0.44571428571428573 0.46285714285714286 0.08 0.04285714285714286
3 0.43285714285714283 0.10142857142857142 0.14285714285714285 0.13428571428571429
3 0.35928571428571426 0.21214285714285713 0.12428571428571429 0.09857142857142857
3 0.4635714285714286 0.19857142857142857 0.12714285714285714 0.09428571428571429
3 0.6492857142857142 0.09357142857142857 0.12714285714285714 0.11285714285714285
3 0.6835714285714286 0.175 0.1357142857142857 0.11285714285714285
3 0.6207142857142857 0.24785714285714286 0.13 0.11
3 0.7564285714285715 0.09642857142857143 0.12428571428571429 0.09571428571428571
3 0.8178571428571428 0.17 0.13857142857142857 0.10571428571428572
3 0.7028571428571428 0.25285714285714284 0.1 0.09142857142857143
