3 0.16857142857142857 0.20285714285714285 0.06571428571428571 0.054285714285714284
3 0.2342857142857143 0.24 0.09142857142857143 0.07714285714285714
3 0.2807142857142857 0.21071428571428572 0.10142857142857142 0.05857142857142857
3 0.36714285714285716 0.23285714285714285 0.1 0.08285714285714285
3 0.30214285714285716 0.2664285714285714 0.09571428571428571 0.07
3 0.2671428571428571 0.3171428571428571 0.07428571428571429 0.02857142857142857
3 0.30214285714285716 0.3385714285714286 0.07857142857142857 0.037142857142857144
3 0.18928571428571428 0.6564285714285715 0.07 0.024285714285714285
3 0.2392857142857143 0.6535714285714286 0.06714285714285714 0.041428571428571426
3 0.5557142857142857 0.6842857142857143 0.4057142857142857 0.31142857142857144
3 0.6514285714285715 0.36642857142857144 0.38 0.2757142857142857
