0 0.569375 0.0925 0.07875 0.0925
0 0.43875000000000003 0.07125000000000001 0.0725 0.0825
0 0.380625 0.090625 0.07875 0.08125
0 0.39687500000000003 0.318125 0.06875 0.08875
0 0.435625 0.304375 0.06375 0.07375
0 0.594375 0.376875 0.06375 0.058750000000000004
0 0.801875 0.431875 0.07375 0.06875
0 0.8768750000000001 0.47500000000000003 0.05375 0.0725
0 0.205625 0.4925 0.07875 0.0775
0 0.3 0.453125 0.0725 0.06125
0 0.29812500000000003 0.538125 0.05625 0.06125
0 0.398125 0.595625 0.06125 0.06375
0 0.47625 0.615625 0.0425 0.06625
0 0.520625 0.634375 0.043750000000000004 0.04625
0 0.5475 0.6950000000000001 0.0525 0.05
0 0.45875 0.665 0.05 0.0425
0 0.479375 0.805 0.043750000000000004 0.05
0 0.32875 0.8150000000000001 0.065 0.045
0 0.345625 0.7000000000000001 0.06625 0.0675
0 0.14375000000000002 0.5475 0.0725 0.065
0 0.256875 0.645625 0.06375 0.06875
0 0.431875 0.865625 0.058750000000000004 0.04125
